1001  4  3
1002  3  2
1003  6  2
1004  7  5
1005  9  2
1006  7  1
1007  2  1
1008  8  3
1009  7  3
1010  0  2
1011  5  5
1012  0  3
1013  8  3
1014  2  2
1015  2  2
1016  9  2
1017  5  2
1018  8  2
1019  9  1
1020  4  1
1021  8  5
1022  0  1
1023  5  2
1024  1  1
1025  2  1
1026  7  2
1027  6  3
1028  6  3
1029  7  1
1030  1  5
1031  7  4
1032  7  2
1033  7  3
1034  7  2
1035  2  5
1036  1  5
1037  4  1
1038  7  3
1039  6  4
1040  4  3
1041  7  6
1042  6  1
1043  0  1
1044  5  3
1045  8  2
1046  4  2
1047  3  3
1048  1  1
1049  9  4
1050  2  5
1051  3  3
1052  9  3
1053  9  1
1054  7  5
1055  2  1
1056  5  1
1057  2  1
1058  9  1
1059  0  1
1060  5  3
1061  7  2
1062  9  4
1063  6  2
1064  6  5
1065  3  1
1066  1  1
1067  1  3
1068  0  1
1069  2  2
1070  2  2
1071  9  2
1072  5  1
1073  4  2
1074  6  4
1075  6  1
1076  5  2
1077  9  2
1078  4  3
1079  2  3
1080  8  4
1081  9  2
1082  7  2
1083  2  3
1084  5  1
1085  2  1
1086  5  1
1087  5  3
1088  0  2
1089  0  3
1090  2  5
1091  5  4
1092  1  4
1093  9  4
1094  3  1
1095  3  2
1096  5  4
1097  4  5
1098  4  1
1099  0  2
1100  6  3
1101  1  1
1102  7  1
1103  6  2
1104  4  3
1105  6  4
1106  1  2
1107  3  4
1108  8  1
1109  2  4
1110  3  2
1111  4  4
1112  4  4
1113  3  1
1114  7  1
1115  4  3
1116  6  4
1117  5  1
1118  5  1
1119  1  1
1120  2  5
1121  0  3
1122  3  1
1123  7  2
1124  2  2
1125  0  1
1126  5  2
1127  1  3
1128  0  2
1129  4  1
1130  6  2
1131  6  2
1132  0  1
1133  7  1
1134  3  1
1135  2  2
1136  1  4
1137  1  5
1138  5  1
1139  5  1
1140  2  1
1141  4  4
1142  9  3
1143  4  2
1144  7  2
1145  9  3
1146  5  5
1147  9  2
1148  2  3
1149  4  2
1150  9  2
1151  1  3
1152  1  1
1153  8  4
1154  7  3
1155  0  3
1156  1  1
1157  9  2
1158  8  1
1159  1  3
1160  9  5
1161  2  1
1162  4  2
1163  3  5
1164  7  3
1165  5  2
1166  3  5
1167  1  5
1168  4  6
1169  3  6
1170  9  3
1171  2  2
1172  6  3
1173  5  2
1174  8  2
1175  0  1
1176  2  5
1177  1  2
1178  5  2
1179  2  1
1180  2  3
1181  4  2
1182  8  1
1183  5  1
1184  3  1
1185  3  1
1186  5  1
1187  7  1
1188  9  3
1189  1  2
1190  9  1
1191  0  2
1192  4  2
1193  3  4
1194  8  2
1195  6  3
1196  2  1
1197  7  1
1198  0  4
1199  5  2
1200  6  2
1201  3  3
1202  8  6
1203  6  4
1204  6  4
1205  2  1
1206  9  2
1207  3  3
1208  4  1
1209  7  1
1210  5  1
1211  8  5
1212  5  2
1213  2  1
1214  0  2
1215  8  1
1216  2  4
1217  0  1
1218  4  3
1219  8  3
1220  6  2
1221  2  2
1222  8  3
1223  6  1
1224  8  4
1225  2  1
1226  3  2
1227  6  3
1228  1  3
1229  3  1
1230  3  2
1231  6  2
1232  3  1
1233  1  3
1234  9  4
1235  1  2
1236  9  4
1237  9  4
1238  2  4
1239  7  1
1240  0  6
1241  7  3
1242  8  1
1243  1  1
1244  7  3
1245  8  4
1246  2  1
1247  1  6
1248  2  1
1249  6  2
1250  9  2
1251  4  4
1252  7  5
1253  3  1
1254  0  2
1255  5  3
1256  2  3
1257  4  3
1258  1  5
1259  9  1
1260  9  4
1261  4  4
1262  6  1
1263  3  2
1264  3  3
1265  8  1
1266  4  1
1267  3  1
1268  6  4
1269  5  5
1270  9  3
1271  3  1
1272  6  1
1273  6  3
1274  5  1
1275  7  2
1276  7  5
1277  8  3
1278  2  3
1279  6  2
1280  4  2
1281  3  2
1282  4  4
1283  3  1
1284  7  2
1285  8  2
1286  6  4
1287  9  1
1288  3  5
1289  5  4
1290  8  1
1291  8  3
1292  7  6
1293  6  3
1294  7  5
1295  4  2
1296  1  4
1297  5  1
1298  0  2
1299  5  1
1300  3  1
1301  2  1
1302  8  1
1303  2  2
1304  9  3
1305  9  2
1306  3  3
1307  4  3
1308  9  2
1309  3  2
1310  8  2
1311  7  6
1312  9  2
1313  1  1
1314  5  1
1315  1  4
1316  9  1
1317  0  1
1318  2  2
1319  2  1
1320  7  1
1321  0  3
1322  2  4
1323  3  1
1324  6  1
1325  9  2
1326  6  1
1327  5  1
1328  3  3
1329  1  6
1330  0  3
1331  3  3
1332  4  4
1333  7  3
1334  5  1
1335  5  1
1336  7  1
1337  2  2
1338  6  5
1339  1  2
1340  2  2
1341  3  2
1342  2  3
1343  1  1
1344  5  5
1345  1  3
1346  3  2
1347  6  4
1348  3  2
1349  9  1
1350  5  3
1351  8  3
1352  7  4
1353  7  1
1354  3  4
1355  0  3
1356  0  5
1357  8  1
1358  7  3
1359  0  2
1360  4  6
1361  7  3
1362  9  5
1363  3  1
1364  0  5
1365  0  5
1366  5  1
1367  3  1
1368  2  3
1369  5  3
1370  3  6


